     0/299     9.76G   0.09059   0.01118         0    0.1018         9       640 0.0007362   0.02584 0.0001234 2.115e-05    0.1224   0.00828         0
     1/299     10.9G   0.06603   0.00555         0   0.07158         8       640    0.1416    0.2028   0.06885   0.01996    0.1098  0.007591         0
     2/299     10.9G   0.05067   0.00489         0   0.05556        11       640   0.08651    0.2286   0.04854   0.01245    0.1106  0.007298         0
     3/299     10.9G   0.05121  0.004137         0   0.05535        12       640         0         0         0         0       nan       nan         0
     4/299     10.9G   0.06029  0.003273         0   0.06357        13       640 0.0002794   0.08748 2.885e-05 4.568e-06    0.1365  0.007231         0
     5/299     10.9G   0.05425  0.003512         0   0.05776         9       640    0.3222    0.2266    0.1357   0.03587    0.1247  0.005647         0
     6/299     10.9G   0.04842  0.003722         0   0.05214        17       640    0.2257    0.3221    0.2183   0.07421    0.1218  0.005791         0
     7/299     10.9G     0.051  0.003671         0   0.05467        13       640   0.07498   0.04175   0.01531  0.004477    0.1219    0.0058         0
     8/299     10.9G   0.05017  0.003571         0   0.05374         3       640    0.2422    0.2127     0.141   0.03735    0.1185  0.006072         0
     9/299     10.9G   0.05008  0.003911         0   0.05399        12       640    0.1951    0.2684    0.1336   0.04259    0.1164  0.006001         0
    10/299     10.9G   0.04501  0.003739         0   0.04875        14       640    0.2117    0.2366    0.1322   0.03477    0.1249  0.005833         0
    11/299     10.9G    0.0504  0.003413         0   0.05382         9       640   0.06054    0.1551   0.02893   0.00661    0.1277  0.005165         0
    12/299     10.9G   0.05449  0.003393         0   0.05788        12       640   0.04952   0.05368   0.01408  0.003678    0.1428   0.01414         0
    13/299     10.9G   0.05678  0.003658         0   0.06043        16       640    0.1483    0.2624     0.114   0.03111    0.1098  0.006373         0
    14/299     10.9G   0.04913  0.003653         0   0.05278        12       640     0.183    0.3161    0.1389   0.04366    0.1079  0.006134         0
    15/299     10.9G    0.0462   0.00365         0   0.04985         3       640    0.3114    0.3817     0.236   0.08071    0.1044    0.0062         0
    16/299     10.9G   0.04285  0.003519         0   0.04637         8       640    0.1634    0.1968   0.07607   0.02127    0.1066  0.006082         0
    17/299     10.9G   0.04265  0.003432         0   0.04608        10       640    0.6393    0.4475    0.4233    0.1853    0.1072  0.005689         0
    18/299     10.9G   0.04364  0.003262         0   0.04691        14       640    0.1573    0.2127   0.06504   0.02147    0.1236  0.005238         0
    19/299     10.9G   0.04534  0.003155         0    0.0485         8       640    0.7443     0.505     0.506    0.2008   0.09927  0.006308         0
    20/299     10.9G   0.04746  0.002962         0   0.05042         6       640    0.7824    0.2863     0.351    0.1402    0.1075  0.006532         0
    21/299     10.9G    0.0442  0.002989         0   0.04719        10       640    0.8099    0.3817    0.4168    0.1902    0.1032  0.006543         0
    22/299     10.9G   0.04488   0.00294         0   0.04782         9       640    0.8416    0.5626     0.619    0.2683   0.09801  0.005793         0
    23/299     10.9G   0.04354  0.002824         0   0.04637         8       640    0.8608    0.5586    0.6214    0.2747    0.0975  0.005784         0
    24/299     10.9G    0.0417  0.002785         0   0.04449         5       640    0.8908    0.5726    0.6474    0.2987   0.09472   0.00608         0
    25/299     10.9G   0.03896  0.002718         0   0.04168         7       640    0.9433    0.5624    0.6496    0.3126   0.09679  0.005594         0
    26/299     10.9G   0.03734   0.00282         0   0.04016        10       640    0.9271    0.6143    0.6593    0.2914   0.09684  0.005678         0
    27/299     10.9G   0.03831  0.002785         0   0.04109         9       640    0.9134    0.5905     0.653    0.3206   0.09665  0.005736         0
    28/299     10.9G   0.04042  0.002701         0   0.04313        10       640     0.935    0.6004    0.6501    0.3024   0.09589  0.006155         0
    29/299     10.9G    0.0417  0.002739         0   0.04444        13       640    0.9349    0.5746    0.6458    0.3152   0.09342  0.006288         0
    30/299     10.9G   0.04337  0.002607         0   0.04598         5       640    0.9096    0.5845    0.6461     0.313   0.09177  0.006322         0
    31/299     10.9G   0.04146  0.002626         0   0.04409         9       640     0.924    0.5825    0.6773    0.3243   0.09164  0.006637         0
    32/299     10.9G   0.04222  0.002638         0   0.04486         6       640    0.9096    0.5803    0.6436    0.2979    0.0969  0.005989         0
    33/299     10.9G   0.04035  0.002632         0   0.04298         6       640    0.8005    0.5746    0.6073    0.2926    0.0957  0.006173         0
    34/299     10.9G    0.0417  0.002728         0   0.04443        11       640    0.8242    0.5785    0.6278      0.29   0.09652  0.005751         0
    35/299     10.9G   0.04469    0.0027         0   0.04739        10       640    0.8271     0.499    0.5658    0.2522   0.09696  0.006519         0
    36/299     10.9G   0.04391  0.002657         0   0.04657        15       640    0.8778    0.6064      0.65    0.3144   0.08969  0.007042         0
    37/299     10.9G   0.03985  0.002618         0   0.04247        15       640    0.9154     0.624    0.6776    0.3277   0.09227  0.006435         0
    38/299     10.9G   0.04262   0.00267         0   0.04529        11       640    0.9298    0.6143    0.6821     0.329   0.08837  0.006957         0
    39/299     10.9G   0.04128  0.002599         0   0.04388        18       640    0.9181    0.6015     0.673    0.3299   0.09312  0.006207         0
    40/299     10.9G   0.04375  0.002614         0   0.04637        10       640    0.8872    0.5388    0.6258    0.3066   0.09391  0.006349         0
    41/299     10.9G   0.04135  0.002789         0   0.04414        16       640    0.9359    0.6262     0.688    0.3329   0.08953  0.006929         0
    42/299     10.9G   0.03709  0.002516         0   0.03961        10       640    0.9221    0.6143     0.675    0.3286    0.0905  0.006664         0
    43/299     10.9G   0.04049  0.002758         0   0.04325        13       640    0.9415    0.6183      0.69    0.3203   0.08713  0.007286         0
    44/299     10.9G   0.04011  0.002492         0   0.04261        10       640    0.9149      0.62    0.6897    0.3427   0.08871  0.007018         0
    45/299     10.9G   0.04161  0.002507         0   0.04412         7       640    0.8276    0.5924    0.6506    0.3178    0.0899  0.007065         0
    46/299     10.9G   0.04122  0.002558         0   0.04378        10       640    0.8837    0.6064    0.6855    0.3417   0.09012  0.006801         0
    47/299     10.9G   0.04021  0.002487         0    0.0427         7       640    0.9245    0.6362    0.6947    0.3391   0.09066  0.006636         0
    48/299     10.9G   0.04086  0.002465         0   0.04333         8       640    0.9106     0.648    0.6967    0.3442   0.09016  0.006519         0
    49/299     10.9G   0.03819  0.002473         0   0.04066        15       640    0.9459    0.6322    0.6954     0.358   0.09251  0.006053         0
    50/299     10.9G   0.03568  0.002447         0   0.03813        12       640    0.9433    0.6282    0.6905    0.3394   0.09412  0.006195         0
    51/299     10.9G   0.03728  0.002361         0   0.03964        14       640    0.9333    0.6401    0.7027    0.3549   0.09413  0.006135         0
    52/299     10.9G   0.03844  0.002479         0   0.04092        16       640    0.9591    0.6083     0.683    0.3295   0.09563  0.006009         0
    53/299     10.9G   0.03769  0.002549         0   0.04024        18       640    0.9572    0.6221    0.6982    0.3484   0.09392  0.006052         0
    54/299     10.9G   0.03641  0.002405         0   0.03881         8       640    0.9196    0.6402    0.7134    0.3523   0.09576  0.005709         0
    55/299     10.9G   0.03816  0.002265         0   0.04043         7       640    0.9069    0.6362    0.7037    0.3338   0.09412  0.006035         0
    56/299     10.9G   0.03882  0.002309         0   0.04113         7       640    0.9318    0.6521    0.7048    0.3489   0.09171   0.00641         0
    57/299     10.9G   0.03702  0.002439         0   0.03946        12       640    0.9688    0.6183    0.7014    0.3519    0.0937  0.005942         0
    58/299     10.9G   0.03668  0.002346         0   0.03903         9       640    0.9133    0.6561    0.7141    0.3641   0.09417  0.005679         0
    59/299     10.9G   0.03897  0.002302         0   0.04127        13       640    0.9244     0.656     0.718    0.3691   0.09389  0.005781         0
    60/299     10.9G   0.03764  0.002445         0   0.04008        11       640    0.8949    0.6599    0.7065    0.3607   0.09319  0.005906         0
    61/299     10.9G   0.03463  0.002343         0   0.03697        13       640    0.9261    0.6478    0.7238    0.3741   0.09251  0.005959         0
    62/299     10.9G   0.03595  0.002411         0   0.03836        15       640    0.9494    0.6339    0.7179    0.3582   0.09279  0.006036         0
    63/299     10.9G   0.03547  0.002275         0   0.03774        12       640    0.9346    0.6538    0.7241    0.3611   0.09284  0.005885         0
    64/299     10.9G   0.03918  0.002261         0   0.04145        11       640    0.8761    0.6362    0.6977     0.353    0.0933  0.006104         0
    65/299     10.9G   0.03889  0.002277         0   0.04117        13       640    0.8893    0.6421    0.7056    0.3563   0.09351  0.005897         0
    66/299     10.9G   0.03507  0.002334         0   0.03741         5       640    0.8723    0.6657    0.7128    0.3591   0.09345   0.00593         0
    67/299     10.9G   0.03534  0.002384         0   0.03773         7       640    0.9344    0.6518    0.7219    0.3744   0.09258  0.005881         0
    68/299     10.9G   0.03511  0.002164         0   0.03727         6       640    0.9552    0.6359    0.7136    0.3558   0.09169  0.006114         0
    69/299     10.9G   0.03281  0.002207         0   0.03502        15       640    0.8888    0.6521    0.7172    0.3433   0.09283  0.005986         0
    70/299     10.9G   0.03456   0.00222         0   0.03678         8       640    0.9402     0.656     0.719    0.3641   0.09191  0.005896         0
    71/299     10.9G   0.03351  0.002213         0   0.03572        12       640    0.9522    0.6421    0.7174    0.3654   0.09132  0.006137         0
    72/299     10.9G   0.03616  0.002244         0    0.0384        11       640    0.9205    0.6677    0.7323    0.3708   0.09207  0.005905         0
    73/299     10.9G   0.03356  0.002178         0   0.03574         8       640    0.9295    0.6554    0.7261    0.3777   0.09174  0.005957         0
    74/299     10.9G   0.03367   0.00228         0   0.03595        10       640    0.9758    0.6416    0.7335    0.3776   0.09136  0.006071         0
    75/299     10.9G   0.03687  0.002185         0   0.03906        12       640    0.9609    0.6382    0.7213      0.36   0.09291  0.005953         0
    76/299     10.9G   0.03379  0.002251         0   0.03604         9       640    0.9442    0.6541    0.7218    0.3705   0.09189  0.005989         0
    77/299     10.9G     0.034  0.002212         0   0.03622        15       640    0.8951    0.6958    0.7365     0.368   0.09035  0.006096         0
    78/299     10.9G   0.03514  0.002263         0    0.0374        12       640     0.949    0.6322    0.7151    0.3721   0.09017  0.006065         0
    79/299     10.9G   0.03331  0.002145         0   0.03546         5       640    0.9485    0.6402    0.7205     0.367   0.09019  0.006189         0
    80/299     10.9G   0.03348  0.002134         0   0.03561        11       640    0.9326    0.6599    0.7184    0.3705   0.09159  0.005877         0
    81/299     10.9G   0.03481  0.002225         0   0.03703         6       640    0.9071     0.662    0.7196    0.3611   0.09201  0.006144         0
    82/299     10.9G   0.03273  0.002224         0   0.03496        12       640    0.9395    0.6461    0.7167    0.3576   0.09107  0.006105         0
    83/299     10.9G   0.03496  0.002145         0   0.03711        14       640    0.9272    0.6579    0.7238    0.3748   0.09219  0.005727         0
    84/299     10.9G   0.03333   0.00227         0    0.0356         8       640    0.9592    0.6561    0.7163    0.3578    0.0923  0.005937         0
    85/299     10.9G   0.03488  0.002137         0   0.03702        12       640    0.9565    0.6556    0.7252    0.3723   0.09184  0.005991         0
    86/299     10.9G   0.03303   0.00223         0   0.03526        10       640    0.9674    0.6499    0.7289    0.3768   0.09041  0.006083         0
    87/299     10.9G    0.0326  0.002307         0   0.03491        13       640    0.9258     0.674     0.751     0.384    0.0911  0.005916         0
    88/299     10.9G   0.03231   0.00231         0   0.03462        10       640    0.9558     0.664    0.7357    0.3713   0.09023  0.006088         0
    89/299     10.9G   0.03363  0.002273         0    0.0359         9       640    0.9301    0.6615    0.7369    0.3802   0.09005  0.006175         0
    90/299     10.9G   0.03495  0.002181         0   0.03713         8       640    0.9469    0.6819    0.7614    0.3789   0.09007  0.006017         0
    91/299     10.9G   0.03229  0.002145         0   0.03443        15       640    0.9405    0.6598    0.7428    0.3778   0.08926  0.006142         0
    92/299     10.9G   0.03266  0.002258         0   0.03492         9       640    0.9553    0.6797    0.7494    0.3845   0.08942  0.006086         0
    93/299     10.9G   0.03259   0.00212         0   0.03471         9       640    0.9418    0.6799    0.7465    0.3905   0.09079  0.005938         0
    94/299     10.9G    0.0319  0.002164         0   0.03407        15       640    0.9583    0.6481    0.7385    0.3828   0.09127  0.006005         0
    95/299     10.9G   0.03225  0.002139         0   0.03439         6       640    0.9218    0.6581    0.7238    0.3755   0.09116  0.006051         0
    96/299     10.9G   0.03395  0.002206         0   0.03615         9       640    0.8725    0.6938    0.7421    0.3688   0.09115  0.006101         0
    97/299     10.9G   0.03388  0.002216         0    0.0361        11       640    0.9433     0.662    0.7487    0.3765   0.09162  0.005845         0
    98/299     10.9G   0.03116  0.002164         0   0.03332        12       640    0.9258     0.672     0.735    0.3765   0.09112  0.005915         0
    99/299     10.9G    0.0326  0.002156         0   0.03475         9       640    0.9588     0.666    0.7474    0.3831   0.09059  0.006155         0
   100/299     10.9G   0.03385  0.002284         0   0.03613        11       640     0.892    0.6899    0.7395    0.3921   0.08994  0.006058         0
   101/299     10.9G   0.03383   0.00222         0   0.03605        13       640    0.8997    0.6958    0.7505    0.3869   0.09151  0.005715         0
   102/299     10.9G    0.0339  0.002173         0   0.03607        15       640    0.9162    0.6958    0.7628    0.4004   0.08995  0.005947         0
   103/299     10.9G   0.03298  0.002173         0   0.03515        13       640     0.875    0.6956    0.7486    0.3842   0.08899  0.006325         0
   104/299     10.9G    0.0342  0.002142         0   0.03634         7       640    0.9673    0.6521    0.7498    0.3774   0.08951  0.006172         0
   105/299     10.9G   0.03366  0.002234         0   0.03589        11       640    0.9032      0.67    0.7325    0.3787   0.09025  0.005955         0
   106/299     10.9G   0.03113  0.002245         0   0.03338        16       640    0.8818    0.6859    0.7492    0.3875   0.09046  0.005916         0
   107/299     10.9G   0.02944  0.002166         0    0.0316        12       640    0.9256      0.67    0.7458    0.3814    0.0898  0.006075         0
   108/299     10.9G   0.03135  0.002202         0   0.03355         6       640    0.9484     0.658    0.7458    0.3857    0.0895  0.006134         0
   109/299     10.9G   0.03118  0.002214         0    0.0334         8       640    0.9495    0.6441    0.7303    0.3744   0.08804  0.006502         0
   110/299     10.9G    0.0336  0.002156         0   0.03576        12       640     0.976    0.6481    0.7306    0.3756   0.09231  0.005958         0
   111/299     10.9G   0.03217  0.002099         0   0.03427         7       640      0.94    0.6859    0.7547    0.3908   0.09023   0.00593         0
   112/299     10.9G   0.03236  0.002263         0   0.03462         8       640     0.929    0.6561    0.7142    0.3506    0.0921   0.00585         0
   113/299     10.9G   0.03194  0.002058         0   0.03399        18       640     0.867    0.7018    0.7398     0.378   0.08987  0.006145         0
   114/299     10.9G   0.03376  0.002191         0   0.03595         7       640    0.8986      0.67    0.7277    0.3735   0.09216  0.005833         0
   115/299     10.9G   0.03442  0.002262         0   0.03668        14       640    0.9478    0.6858    0.7516    0.3715   0.09272  0.005602         0
   116/299     10.9G   0.03325  0.002138         0   0.03539         6       640    0.8954      0.67    0.7266    0.3653   0.09242  0.005811         0
   117/299     10.9G   0.03513  0.002273         0    0.0374         4       640    0.8353    0.5646    0.6483    0.3262   0.09428  0.006086         0
   118/299     10.9G   0.03107   0.00222         0   0.03329         9       640    0.9148    0.6616     0.736    0.3721   0.09125  0.006021         0
   119/299     10.9G   0.03321   0.00215         0   0.03536         7       640    0.8849    0.6581    0.7115    0.3517   0.09233  0.005784         0
   120/299     10.9G   0.03278  0.002267         0   0.03505         8       640    0.8883    0.6957    0.7491    0.3826   0.09092  0.005797         0
   121/299     10.9G   0.03045  0.002191         0   0.03264        10       640    0.9005    0.6836    0.7402    0.3798   0.08991  0.006012         0
   122/299     10.9G   0.03074  0.002169         0   0.03291         8       640    0.9197    0.6859    0.7523    0.3905   0.08992  0.005947         0
   123/299     10.9G   0.03048  0.002114         0    0.0326        13       640    0.8785    0.7097    0.7574    0.3997   0.08893  0.006034         0
   124/299     10.9G   0.03162  0.002238         0   0.03386         9       640    0.9282    0.6938    0.7688    0.3924   0.08905  0.006031         0
   125/299     10.9G   0.03175  0.002205         0   0.03395         7       640    0.9344    0.6797    0.7617    0.3899   0.08861  0.006204         0
   126/299     10.9G   0.03028  0.002234         0   0.03251        10       640    0.9229    0.6897    0.7571     0.389   0.08906   0.00622         0
   127/299     10.9G   0.02935  0.002213         0   0.03156        13       640    0.9156      0.67    0.7345    0.3639   0.09112  0.006069         0
   128/299     10.9G   0.03074  0.002196         0   0.03294        16       640    0.8848    0.7336    0.7709     0.394   0.08951  0.006118         0
   129/299     10.9G   0.02968  0.002072         0   0.03176         6       640    0.9119    0.6998    0.7674     0.396   0.08942  0.006171         0
   130/299     10.9G   0.03076  0.002194         0   0.03295        10       640    0.9324    0.6918    0.7559    0.3943   0.08928  0.006423         0
   131/299     10.9G   0.03181  0.002186         0   0.03399        14       640    0.9067    0.6958    0.7615    0.3927   0.08795  0.006558         0
   132/299     10.9G   0.03324  0.002213         0   0.03546        16       640    0.9058    0.7071    0.7603    0.3997   0.08891  0.006363         0
   133/299     10.9G   0.03264  0.002123         0   0.03476         8       640    0.9709     0.674    0.7632    0.3978   0.08887  0.006267         0
   134/299     10.9G   0.03131  0.002196         0   0.03351        21       640    0.9574    0.6699    0.7571    0.3936   0.08903   0.00622         0
   135/299     10.9G   0.03108  0.002158         0   0.03324         4       640    0.9062    0.6938    0.7533    0.3886   0.08941  0.006461         0
   136/299     10.9G   0.03219  0.002094         0   0.03428         6       640    0.9647    0.6541    0.7377     0.364   0.09076  0.006385         0
   137/299     10.9G   0.03492  0.002205         0   0.03713         9       640    0.9361    0.6759    0.7583    0.3912   0.08996  0.006291         0
   138/299     10.9G    0.0312  0.002092         0   0.03329         7       640    0.9238    0.6799      0.74    0.3698   0.09154   0.00608         0
   139/299     10.9G   0.03234  0.002175         0   0.03452         8       640    0.9257    0.6935    0.7709    0.3962   0.09046  0.006069         0
   140/299     10.9G   0.03499  0.002166         0   0.03715        10       640    0.8692    0.7018    0.7492    0.3865   0.09019  0.006241         0
   141/299     10.9G   0.03198  0.002208         0   0.03419         9       640    0.9102    0.6938    0.7664    0.3934   0.08825  0.006519         0
   142/299     10.9G   0.03489   0.00229         0   0.03718         8       640    0.9343    0.6859    0.7655    0.4023   0.08713  0.006548         0
   143/299     10.9G   0.03316  0.002075         0   0.03524        11       640    0.8911    0.7018    0.7536    0.3891   0.08817  0.006574         0
   144/299     10.9G   0.03134  0.002328         0   0.03366        11       640    0.9112    0.6819    0.7363    0.3729   0.08793  0.006437         0
   145/299     10.9G   0.03341  0.002149         0   0.03556         4       640    0.9195    0.7037    0.7668    0.3937   0.08677  0.006413         0
   146/299     10.9G   0.03153  0.002146         0   0.03368        12       640    0.9579    0.6819    0.7656    0.3988   0.08625  0.006299         0
   147/299     10.9G   0.03101  0.001997         0     0.033         6       640    0.9046    0.6998    0.7619     0.397   0.08632   0.00639         0
   148/299     10.9G   0.03024  0.002109         0   0.03235         4       640    0.9164    0.6758    0.7414    0.3798   0.08741  0.006275         0
   149/299     10.9G   0.03095  0.002175         0   0.03312         5       640    0.9064    0.6929    0.7616    0.4037   0.08577  0.006369         0
   150/299     10.9G    0.0342  0.002231         0   0.03643        11       640    0.9461     0.666    0.7463    0.3932    0.0867  0.006392         0
   151/299     10.9G   0.03198  0.002079         0   0.03406        20       640    0.9235    0.6998    0.7634    0.4075   0.08618   0.00626         0
   152/299     10.9G   0.03217  0.002214         0   0.03438         8       640    0.9368    0.6859    0.7656    0.3908   0.08551   0.00652         0
   153/299     10.9G   0.03329  0.002165         0   0.03545        15       640    0.9093    0.7097    0.7632    0.3979   0.08492  0.006661         0
   154/299     10.9G   0.03378  0.002235         0   0.03601         8       640    0.9121    0.7012    0.7709    0.4004   0.08459  0.006611         0
   155/299     10.9G   0.03205   0.00205         0    0.0341         9       640    0.9241    0.6799    0.7514    0.3789   0.08617  0.006497         0
   156/299     10.9G   0.03379  0.002212         0     0.036        14       640    0.8516    0.7237    0.7598    0.3908   0.08261  0.007044         0
   157/299     10.9G   0.03282  0.002147         0   0.03497        10       640    0.9105    0.7076    0.7674    0.4021   0.08346  0.006781         0
   158/299     10.9G   0.03268  0.002095         0   0.03477        17       640    0.8949    0.7276    0.7701     0.398   0.08453  0.006768         0
   159/299     10.9G   0.03017  0.002296         0   0.03246         4       640    0.9534      0.66    0.7501    0.3829   0.08445   0.00672         0
   160/299     10.9G   0.03047  0.002274         0   0.03275        14       640    0.9249    0.6899    0.7637    0.3814    0.0828  0.007189         0
   161/299     10.9G   0.03188  0.002135         0   0.03402         6       640    0.9243    0.7038    0.7712    0.3905   0.08166  0.007415         0
   162/299     10.9G   0.03255  0.002101         0   0.03465        21       640    0.9183    0.7157    0.7719    0.4002    0.0813  0.007327         0
   163/299     10.9G   0.03082  0.002182         0   0.03301         9       640    0.9253    0.6918    0.7623    0.3861   0.08219  0.007216         0
   164/299     10.9G   0.03078  0.002137         0   0.03291        13       640    0.9234    0.7038    0.7779    0.3977   0.08228  0.007127         0
   165/299     10.9G   0.03065  0.002217         0   0.03286        10       640    0.9536    0.6819    0.7742     0.406   0.08147  0.007237         0
   166/299     10.9G    0.0326   0.00221         0   0.03481        20       640    0.9049    0.6998    0.7605    0.3896   0.08215  0.007372         0
   167/299     10.9G   0.03093  0.002168         0   0.03309         9       640    0.9485    0.6957     0.776    0.4044   0.08172  0.007236         0
   168/299     10.9G   0.02988  0.002144         0   0.03202        10       640    0.8941    0.7058    0.7595    0.3928   0.08179  0.007444         0
   169/299     10.9G   0.03093  0.002215         0   0.03314        15       640    0.9447    0.6798     0.766    0.4006   0.08104  0.007389         0
   170/299     10.9G   0.03236  0.002116         0   0.03447         7       640    0.8912    0.7018    0.7593    0.3902   0.08242  0.007268         0
   171/299     10.9G   0.03133  0.002111         0   0.03344         8       640    0.8955    0.6998     0.753    0.3936   0.08228  0.007164         0
   172/299     10.9G   0.03173  0.002202         0   0.03394        14       640    0.9025    0.7176     0.776    0.4081   0.08129  0.007192         0
   173/299     10.9G   0.03155   0.00217         0   0.03372        11       640    0.8953    0.7197    0.7769    0.4154   0.08152  0.007146         0
   174/299     10.9G    0.0302  0.002151         0   0.03236        16       640    0.8995    0.7293    0.7759    0.4111   0.08153  0.007335         0
   175/299     10.9G   0.03156  0.002193         0   0.03376         7       640    0.8848    0.7177      0.77     0.407   0.08169  0.007121         0
   176/299     10.9G   0.03202  0.002191         0   0.03421         9       640     0.887    0.7176    0.7566    0.3785   0.08431   0.00695         0
   177/299     10.9G   0.03216  0.002122         0   0.03429         6       640    0.9418    0.6759    0.7483    0.3838   0.08432  0.006934         0
   178/299     10.9G    0.0316  0.002075         0   0.03367        13       640    0.9469    0.6736    0.7516    0.3915   0.08335   0.00716         0
   179/299     10.9G   0.03227  0.002135         0   0.03441         9       640    0.9187     0.664     0.743    0.3828   0.08329  0.007234         0
   180/299     10.9G   0.03491  0.002157         0   0.03707        11       640    0.9253    0.6895    0.7613    0.3892   0.08633  0.006961         0
   181/299     10.9G   0.03292  0.002255         0   0.03517        10       640    0.9156    0.6918      0.75    0.3827   0.08487  0.007057         0
   182/299     10.9G   0.03534  0.002281         0   0.03762        13       640    0.9403    0.6579    0.7218     0.344   0.08851  0.006668         0
   183/299     10.9G   0.03572  0.002295         0   0.03802        11       640    0.9566    0.6578    0.7288    0.3605   0.08881   0.00677         0
   184/299     10.9G   0.03404  0.002173         0   0.03621        10       640    0.9661    0.6541    0.7162    0.3575   0.08746   0.00689         0
   185/299     10.9G   0.03697  0.002276         0   0.03925         4       640    0.9683    0.6677    0.7395    0.3841   0.08587   0.00675         0
   186/299     10.9G   0.03482  0.002292         0   0.03711        10       640    0.8822    0.7018    0.7486    0.3821   0.08464  0.007063         0
   187/299     10.9G   0.03561   0.00226         0   0.03787        16       640    0.9281    0.6421    0.7073    0.3412   0.09107   0.00661         0
   188/299     10.9G   0.03334  0.002276         0   0.03561        10       640    0.9181    0.6918    0.7433    0.3816   0.08608  0.006778         0
   189/299     10.9G   0.03299  0.002214         0    0.0352        16       640    0.9182    0.6915    0.7426    0.3855   0.08595  0.006757         0
   190/299     10.9G   0.03357   0.00219         0   0.03576        16       640    0.9258    0.6697    0.7378    0.3784   0.08536  0.006873         0
   191/299     10.9G   0.03307  0.002111         0   0.03518         5       640    0.9034    0.7078    0.7591    0.4043   0.08467  0.006822         0
   192/299     10.9G   0.03084   0.00225         0   0.03309         7       640    0.9446    0.6777    0.7541    0.3958   0.08524  0.006703         0
   193/299     10.9G   0.03259  0.002124         0   0.03471        11       640    0.9132    0.6958    0.7537    0.3911    0.0851  0.006772         0
   194/299     10.9G   0.03653  0.002248         0   0.03878         7       640    0.9145    0.7018    0.7749    0.4033   0.08372  0.006941         0
   195/299     10.9G   0.03014   0.00218         0   0.03232        16       640    0.9255    0.6918    0.7659    0.4025   0.08346  0.007145         0
   196/299     10.9G   0.03258  0.002147         0   0.03473         8       640    0.9022    0.7156    0.7719    0.4018   0.08402  0.006997         0
   197/299     10.9G   0.03171  0.002263         0   0.03397        10       640    0.9605    0.6799    0.7691    0.4045   0.08394  0.006963         0
   198/299     10.9G   0.03204  0.002089         0   0.03413        13       640    0.9303    0.6899    0.7624    0.3986   0.08414  0.006947         0
   199/299     10.9G    0.0322  0.002125         0   0.03433        10       640    0.8963    0.6899    0.7491     0.386   0.08437  0.006994         0
   200/299     10.9G   0.03218  0.002228         0   0.03441        11       640    0.9005    0.7016    0.7542    0.3848   0.08594  0.006726         0
   201/299     10.9G   0.03267  0.002133         0    0.0348        13       640    0.8864    0.7376    0.7759    0.4094   0.08494  0.006737         0
   202/299     10.9G   0.03189  0.002141         0   0.03403        10       640     0.907    0.7197    0.7657     0.405   0.08475  0.006842         0
   203/299     10.9G   0.03378  0.002063         0   0.03584         5       640    0.9288    0.6997     0.772    0.4108   0.08423  0.006916         0
   204/299     10.9G   0.02999  0.002137         0   0.03213         8       640    0.9168    0.7014    0.7632    0.3938   0.08543  0.006837         0
   205/299     10.9G   0.03103  0.002167         0    0.0332        13       640    0.9368    0.7076    0.7799    0.4079   0.08518  0.006833         0
   206/299     10.9G   0.03226  0.002059         0   0.03432        15       640    0.9463    0.7058    0.7853    0.4126   0.08465  0.006773         0
   207/299     10.9G   0.03266  0.002212         0   0.03487        14       640    0.9344    0.7077    0.7771    0.4047   0.08525  0.006716         0
   208/299     10.9G   0.02971  0.002049         0   0.03175        14       640    0.9041    0.7316    0.7847    0.4096   0.08564  0.006512         0
   209/299     10.9G   0.03116  0.002178         0   0.03334        14       640    0.8805    0.7376    0.7792    0.4134   0.08527  0.006685         0
   210/299     10.9G   0.03376  0.002175         0   0.03594         7       640    0.8899    0.7395    0.7796    0.4098    0.0847  0.006759         0
   211/299     10.9G   0.03163  0.002171         0   0.03381        10       640    0.9319    0.7077    0.7774      0.41   0.08383  0.006894         0
   212/299     10.9G   0.03437   0.00218         0   0.03655        12       640    0.9263    0.6997    0.7676    0.3968   0.08354  0.007032         0
   213/299     10.9G   0.02986  0.002162         0   0.03202         7       640    0.9229    0.7137    0.7682     0.391    0.0842  0.006903         0
   214/299     10.9G    0.0308  0.002186         0   0.03298        13       640    0.9266    0.7031    0.7676    0.3991   0.08418  0.006861         0
   215/299     10.9G   0.02981  0.002125         0   0.03193        12       640    0.9209    0.7174     0.775    0.4108   0.08375  0.006887         0
   216/299     10.9G   0.03064  0.002249         0   0.03289         8       640     0.921    0.7217    0.7822    0.4133   0.08382  0.006695         0
   217/299     10.9G   0.03025  0.002081         0   0.03233        14       640    0.9303    0.7197    0.7809    0.4076   0.08424  0.006615         0
   218/299     10.9G   0.02939   0.00216         0   0.03155        10       640    0.8978    0.7335    0.7734     0.408   0.08371  0.006849         0
   219/299     10.9G   0.02916  0.002035         0   0.03119        15       640    0.9393    0.7117    0.7764    0.4089    0.0841  0.006864         0
   220/299     10.9G   0.03199  0.002148         0   0.03414         6       640    0.9391    0.7097    0.7825    0.4118   0.08447  0.006813         0
   221/299     10.9G    0.0299  0.002158         0   0.03206         8       640    0.8814    0.7396    0.7803    0.4082   0.08414  0.006882         0
   222/299     10.9G   0.03093  0.002134         0   0.03306        13       640    0.9098    0.7058    0.7713    0.3929    0.0844  0.006992         0
   223/299     10.9G   0.03032  0.002078         0    0.0324         9       640    0.9402    0.6879    0.7709    0.4057   0.08326  0.007038         0
   224/299     10.9G   0.02944  0.002126         0   0.03157        11       640    0.9127    0.7078     0.773    0.4144   0.08338  0.006953         0
   225/299     10.9G   0.02928  0.002188         0   0.03147         7       640    0.9306    0.6998    0.7676    0.3933   0.08449  0.006918         0
   226/299     10.9G   0.03231  0.002102         0   0.03441         6       640    0.9109    0.7137     0.773    0.4087   0.08317  0.007046         0
   227/299     10.9G   0.03094   0.00214         0   0.03308        12       640    0.9273    0.7097    0.7722    0.4047   0.08288  0.007052         0
   228/299     10.9G   0.03004  0.002061         0    0.0321         9       640    0.9267    0.7058    0.7738    0.4055   0.08261  0.007002         0
   229/299     10.9G   0.02989  0.002131         0   0.03202         6       640    0.9488    0.6997    0.7844    0.4214   0.08176  0.007167         0
   230/299     10.9G   0.03007  0.002074         0   0.03214         9       640    0.9348    0.7137    0.7846    0.4142   0.08153  0.007219         0
   231/299     10.9G   0.03071  0.002184         0   0.03289        10       640    0.9342    0.7057    0.7702    0.3954   0.08267  0.007211         0
   232/299     10.9G   0.02907  0.002074         0   0.03115        11       640    0.8954    0.7316    0.7789    0.4131    0.0815  0.007241         0
   233/299     10.9G   0.02913  0.002184         0   0.03131         6       640    0.9092    0.7177    0.7677    0.4099   0.08148  0.007323         0
   234/299     10.9G   0.02883  0.002133         0   0.03096         8       640    0.9203    0.7157    0.7769    0.4081   0.08104  0.007344         0
   235/299     10.9G   0.03112  0.002162         0   0.03328         8       640    0.9289    0.7018    0.7518    0.3896   0.08292   0.00733         0
   236/299     10.9G   0.02727  0.002165         0   0.02943        10       640    0.9586    0.6918    0.7686    0.4141   0.08189  0.007333         0
   237/299     10.9G   0.03236  0.002158         0   0.03452        10       640     0.941    0.6977    0.7451     0.395   0.08336  0.007475         0
   238/299     10.9G    0.0304   0.00218         0   0.03258        10       640    0.9363    0.7058    0.7654    0.4145   0.08171  0.007359         0
   239/299     10.9G   0.03157  0.002211         0   0.03378        13       640    0.9407    0.6936    0.7449    0.3986     0.083  0.007388         0
   240/299     10.9G   0.03306  0.002182         0   0.03525        11       640    0.9387    0.6996    0.7645    0.4094   0.08249  0.007187         0
   241/299     10.9G   0.03077  0.002205         0   0.03297         7       640    0.9184    0.6978    0.7518     0.392   0.08362  0.007227         0
   242/299     10.9G   0.02958  0.002025         0   0.03161        17       640    0.9459    0.6957    0.7708    0.3994   0.08221   0.00719         0
   243/299     10.9G   0.03216  0.002145         0    0.0343        11       640    0.9277     0.668    0.7384    0.3869   0.08279  0.007327         0
   244/299     10.9G   0.03062   0.00208         0    0.0327         8       640     0.906    0.6342    0.6869     0.368   0.08978  0.007811         0
   245/299     10.9G   0.03145  0.002151         0    0.0336         8       640    0.9405    0.6938    0.7561    0.3981   0.08214  0.007365         0
   246/299     10.9G   0.02741  0.002184         0   0.02959        13       640     0.922    0.6819    0.7242    0.3817   0.08523  0.007506         0
   247/299     10.9G   0.02899  0.002107         0    0.0311        11       640    0.9465    0.7038    0.7594    0.4018   0.08256  0.007321         0
   248/299     10.9G   0.03124  0.002121         0   0.03337        15       640    0.9527    0.6938    0.7686    0.4109   0.08164  0.007209         0
   249/299     10.9G   0.02847   0.00198         0   0.03045        10       640    0.9331    0.6958    0.7717    0.4119   0.08204  0.007243         0
   250/299     10.9G   0.02898  0.002243         0   0.03122        17       640    0.9174    0.7078    0.7596    0.3969   0.08268  0.007182         0
   251/299     10.9G   0.02755  0.002228         0   0.02978        10       640    0.9277    0.7157    0.7819    0.4157   0.08172  0.007116         0
   252/299     10.9G   0.02913  0.002119         0   0.03125        13       640    0.9413    0.7017    0.7789    0.4168   0.08182  0.007059         0
   253/299     10.9G   0.02956  0.002114         0   0.03167        14       640    0.9226    0.7113    0.7757    0.4135   0.08165  0.007073         0
   254/299     10.9G   0.03134   0.00221         0   0.03354        11       640    0.9351    0.6878    0.7701    0.4039   0.08185   0.00719         0
   255/299     10.9G   0.02866  0.002118         0   0.03078         8       640    0.8857    0.7256    0.7741    0.4105   0.08161  0.007232         0
   256/299     10.9G   0.02847  0.002116         0   0.03059        15       640    0.9295    0.7075    0.7683    0.4024   0.08186   0.00735         0
   257/299     10.9G   0.02809  0.002083         0   0.03017         6       640    0.9229    0.7136    0.7701    0.4087   0.08112  0.007417         0
   258/299     10.9G   0.03143  0.002209         0   0.03364         5       640     0.933    0.6978    0.7662    0.4068   0.08065  0.007525         0
   259/299     10.9G   0.03082  0.002153         0   0.03297         6       640    0.9333    0.6957    0.7602     0.403   0.08147  0.007488         0
   260/299     10.9G   0.02902   0.00216         0   0.03118         8       640    0.9378    0.6892    0.7508    0.3993   0.08258  0.007339         0
   261/299     10.9G   0.02982  0.002082         0   0.03191        15       640    0.8929    0.7296    0.7718    0.4121   0.08122  0.007444         0
   262/299     10.9G   0.02971  0.002077         0   0.03179         9       640    0.9017    0.7296    0.7773    0.4039   0.08129  0.007442         0
   263/299     10.9G   0.02862  0.002108         0   0.03073        12       640    0.8956    0.7435    0.7894    0.4214   0.08067   0.00738         0
   264/299     10.9G   0.03148  0.002147         0   0.03363        11       640    0.9415    0.7058    0.7769    0.4117   0.08131  0.007388         0
   265/299     10.9G   0.03041  0.002136         0   0.03255        13       640    0.9004    0.7376    0.7845    0.4198   0.08118  0.007339         0
   266/299     10.9G   0.02918  0.002102         0   0.03128        11       640    0.9389    0.7078    0.7774    0.4135   0.08103   0.00749         0
   267/299     10.9G   0.02851  0.002038         0   0.03055         9       640    0.9256    0.7175    0.7796    0.4135   0.08162  0.007301         0
   268/299     10.9G   0.03101  0.002267         0   0.03327         9       640    0.8965    0.7233    0.7664     0.403   0.08243  0.007262         0
   269/299     10.9G    0.0307  0.002247         0   0.03294         5       640    0.9032    0.7235     0.765    0.4058    0.0825  0.007187         0
   270/299     10.9G   0.03189  0.002175         0   0.03406        14       640    0.9193    0.7276    0.7737    0.4159   0.08234  0.007079         0
   271/299     10.9G   0.03173  0.002199         0   0.03393        15       640     0.939    0.7037    0.7679    0.4028   0.08258  0.007099         0
   272/299     10.9G   0.02966  0.002104         0   0.03176        11       640    0.8865    0.7455    0.7798    0.4101   0.08148  0.007188         0
   273/299     10.9G   0.03078  0.002056         0   0.03283         9       640    0.9228    0.7157    0.7771    0.4139   0.08105  0.007369         0
   274/299     10.9G   0.02845    0.0021         0   0.03055         9       640    0.9052    0.7216    0.7674    0.4081   0.08229  0.007295         0
   275/299     10.9G    0.0289  0.002164         0   0.03107        10       640    0.9204    0.7137    0.7684    0.4038   0.08214  0.007273         0
   276/299     10.9G   0.03118  0.002183         0   0.03337         3       640    0.9127    0.7296    0.7819    0.4205   0.08036   0.00729         0
   277/299     10.9G   0.02985  0.002133         0   0.03199        12       640    0.9189    0.7217    0.7788    0.4201   0.08038  0.007335         0
   278/299     10.9G   0.02801   0.00206         0   0.03007         8       640     0.937    0.7097    0.7794     0.418   0.08016  0.007328         0
   279/299     10.9G   0.03167   0.00212         0   0.03379         6       640    0.9075    0.7215     0.774    0.4092   0.08126   0.00723         0
   280/299     10.9G   0.02807  0.002126         0    0.0302         7       640    0.9398    0.7137    0.7834    0.4191   0.08087  0.007222         0
   281/299     10.9G   0.03025  0.002193         0   0.03245        14       640    0.9137    0.7316    0.7806    0.4198   0.08069  0.007283         0
   282/299     10.9G   0.03003  0.002173         0   0.03221         9       640    0.9153    0.7309    0.7932    0.4223   0.07986  0.007388         0
   283/299     10.9G   0.02861  0.002105         0   0.03072         5       640    0.9113    0.7356    0.7885    0.4222   0.07975  0.007436         0
   284/299     10.9G   0.02998  0.002145         0   0.03213         6       640    0.9217    0.7255    0.7777    0.4124   0.08037   0.00745         0
   285/299     10.9G   0.02982   0.00212         0   0.03194        10       640    0.9256    0.7176    0.7693    0.4077   0.08076  0.007485         0
   286/299     10.9G   0.03016  0.002025         0   0.03219         9       640     0.928    0.7177    0.7727     0.411   0.08028  0.007534         0
   287/299     10.9G   0.02901  0.002255         0   0.03126        19       640    0.8844    0.7515    0.7862    0.4232    0.0801  0.007538         0
   288/299     10.9G   0.03211  0.002098         0   0.03421        11       640    0.9105    0.7077    0.7688    0.3998   0.08161  0.007569         0
   289/299     10.9G   0.03052  0.002106         0   0.03263        11       640    0.9164    0.7197    0.7769    0.4125   0.08127  0.007353         0
   290/299     10.9G   0.02942  0.002127         0   0.03155        13       640    0.9221    0.7295    0.7793    0.4151   0.08061  0.007394         0
   291/299     10.9G   0.02833  0.001977         0   0.03031        12       640    0.9417    0.7157     0.775    0.4159    0.0803  0.007391         0
   292/299     10.9G   0.03228  0.002113         0   0.03439        11       640    0.9303    0.7177    0.7717     0.418   0.08042  0.007377         0
   293/299     10.9G   0.03001  0.002226         0   0.03224        16       640    0.9035    0.7255    0.7702    0.4129   0.08027   0.00745         0
   294/299     10.9G   0.03164    0.0021         0   0.03374         6       640    0.9203    0.7157    0.7655    0.4036   0.08101  0.007497         0
   295/299     10.9G   0.03014   0.00219         0   0.03233         9       640    0.9042    0.7315      0.77    0.4073   0.08069   0.00748         0
   296/299     10.9G   0.02988  0.002174         0   0.03206         3       640    0.9109    0.7316    0.7753    0.4074   0.08022  0.007552         0
   297/299     10.9G    0.0292  0.002168         0   0.03136        19       640    0.9273    0.7096    0.7607    0.3947   0.08149  0.007397         0
   298/299     10.9G   0.02951  0.002061         0   0.03157         8       640    0.9469    0.7097    0.7746    0.4119    0.0806  0.007354         0
   299/299     10.9G    0.0303   0.00217         0   0.03247        14       640    0.9372    0.7117    0.7694     0.403   0.08093  0.007399         0
